16 16 1.0
0.01 0.01 0.02 0.03 0.05 0.06 0.07 0.08 0.08 0.07 0.06 0.05 0.03 0.02 0.01 0.01 
0.01 0.01 0.03 0.05 0.07 0.09 0.11 0.12 0.12 0.11 0.09 0.07 0.05 0.03 0.01 0.01 
0.02 0.03 0.05 0.09 0.14 0.18 0.21 0.23 0.23 0.21 0.18 0.14 0.09 0.05 0.03 0.02 
0.03 0.05 0.09 0.16 0.23 0.31 0.36 0.39 0.39 0.36 0.31 0.23 0.16 0.09 0.05 0.03 
0.05 0.07 0.14 0.23 0.35 0.45 0.54 0.58 0.58 0.54 0.45 0.35 0.23 0.14 0.07 0.05 
0.06 0.09 0.18 0.31 0.45 0.59 0.70 0.76 0.76 0.70 0.59 0.45 0.31 0.18 0.09 0.06 
0.07 0.11 0.21 0.36 0.54 0.70 0.83 0.90 0.90 0.83 0.70 0.54 0.36 0.21 0.11 0.07 
0.08 0.12 0.23 0.39 0.58 0.76 0.90 0.98 0.98 0.90 0.76 0.58 0.39 0.23 0.12 0.08 
0.08 0.12 0.23 0.39 0.58 0.76 0.90 0.98 0.98 0.90 0.76 0.58 0.39 0.23 0.12 0.08 
0.07 0.11 0.21 0.36 0.54 0.70 0.83 0.90 0.90 0.83 0.70 0.54 0.36 0.21 0.11 0.07 
0.06 0.09 0.18 0.31 0.45 0.59 0.70 0.76 0.76 0.70 0.59 0.45 0.31 0.18 0.09 0.06 
0.05 0.07 0.14 0.23 0.35 0.45 0.54 0.58 0.58 0.54 0.45 0.35 0.23 0.14 0.07 0.05 
0.03 0.05 0.09 0.16 0.23 0.31 0.36 0.39 0.39 0.36 0.31 0.23 0.16 0.09 0.05 0.03 
0.02 0.03 0.05 0.09 0.14 0.18 0.21 0.23 0.23 0.21 0.18 0.14 0.09 0.05 0.03 0.02 
0.01 0.01 0.03 0.05 0.07 0.09 0.11 0.12 0.12 0.11 0.09 0.07 0.05 0.03 0.01 0.01 
0.01 0.01 0.02 0.03 0.05 0.06 0.07 0.08 0.08 0.07 0.06 0.05 0.03 0.02 0.01 0.01 
