8 8 1.0
0.01 0.02 0.05 0.08 0.08 0.05 0.02 0.01 
0.02 0.06 0.16 0.24 0.24 0.16 0.06 0.02 
0.05 0.16 0.41 0.61 0.61 0.41 0.16 0.05 
0.08 0.24 0.61 0.91 0.91 0.61 0.24 0.08 
0.08 0.24 0.61 0.91 0.91 0.61 0.24 0.08 
0.05 0.16 0.41 0.61 0.61 0.41 0.16 0.05 
0.02 0.06 0.16 0.24 0.24 0.16 0.06 0.02 
0.01 0.02 0.05 0.08 0.08 0.05 0.02 0.01 
